Al_{0.5}Ga_{0.5}InAs
instance1.Eg = 1.0849363362374553
instance1.Eg = 1.2185803834472877
instance1.Eg = 0.9685803834472877
instance2.Eg = 1.2185803834472877
instance1_copy.Eg = 0.9685803834472877
instance1.Eg = 0.7185803834472877
instance1_copy.Eg = 0.9685803834472877
instance1.Eg = 0.7185803834472877
instance2.Eg = 1.2185803834472877
instance3.Eg = 0.4685803834472877
instance4.Eg = 0.4685803834472877
